<?xml version="1.0"?>
<opencv_storage>
<cameraMatrix type_id="opencv-matrix">
  <rows>3</rows>
  <cols>3</cols>
  <dt>d</dt>
  <data>
    2.1225658589269206e+03 0. 1.3905156904949456e+03 0.
    2.1215664965511155e+03 1.0528076406392397e+03 0. 0. 1.</data></cameraMatrix>
<distCoeffs type_id="opencv-matrix">
  <rows>1</rows>
  <cols>5</cols>
  <dt>d</dt>
  <data>
    -7.8831165447757631e-02 5.4272488750216195e-02
    -3.6873500065897870e-04 1.2565492586475301e-03
    -1.4946529350547065e-02</data></distCoeffs>
<rms_error>1.3159378457634214e+00</rms_error>
</opencv_storage>
