<?xml version="1.0"?>
<opencv_storage>
<R type_id="opencv-matrix">
  <rows>3</rows>
  <cols>3</cols>
  <dt>d</dt>
  <data>
    9.9994663251973492e-01 -4.4778836920825920e-03
    9.3102454362068449e-03 4.2924653442316081e-03 9.9979393327803867e-01
    1.9841011105721895e-02 -9.3971726445138942e-03
    -1.9799988335072065e-02 9.9975979795559899e-01</data></R>
<T type_id="opencv-matrix">
  <rows>3</rows>
  <cols>1</cols>
  <dt>d</dt>
  <data>
    2.9843461723320541e-01 2.3062596071334363e-02
    -9.3145769906609333e-02</data></T>
<Q type_id="opencv-matrix">
  <rows>4</rows>
  <cols>4</cols>
  <dt>d</dt>
  <data>
    1. 0. 0. -2.2844926681518555e+03 0. 1. 0. -9.3549947357177734e+02 0.
    0. 0. 2.0227402965071356e+03 0. 0. -3.1899713691293590e+00
    9.1152594661147347e+01</data></Q>
<E type_id="opencv-matrix">
  <rows>3</rows>
  <cols>3</cols>
  <dt>d</dt>
  <data>
    1.8310179237287510e-04 9.2669936529951216e-02 2.4905162643776887e-02
    -9.0336357330332212e-02 6.3260978640504477e-03
    -2.9923014260720099e-01 -2.1780345026701106e-02
    2.9847639141275728e-01 5.7065261250356684e-03</data></E>
<F type_id="opencv-matrix">
  <rows>3</rows>
  <cols>3</cols>
  <dt>d</dt>
  <data>
    1.0107534584653665e-08 5.1179499199441759e-06
    -2.4841511300914801e-03 -4.9839138413904478e-06
    3.4917921447039516e-07 -2.8478244678523973e-02
    2.3397559525546699e-03 2.4744525030644046e-02 1.</data></F>
<rms_error>1.1536530825719242e+00</rms_error>
</opencv_storage>
