image_width: 1920
image_height: 1200
camera_name: leftCamera
camera_matrix:
  rows: 3
  cols: 3
  data: [1742.59, 0, 951.995, 0, 1741.55, 601.017, 0, 0, 1]
distortion_model: plumb_bob
distortion_coefficients:
  rows: 1
  cols: 5
  data: [-0.492106, 0.281838, 0.000222586, 0.00125078, -0.108905]
rectification_matrix:
  rows: 3
  cols: 3
  data: [0.999997, -0.00132026, 0.002086, 0.00132053, 0.999999, -0.000128488, -0.00208583, 0.000131242, 0.999998]
projection_matrix:
  rows: 3
  cols: 4
  data: [1741.18, 0, 946.308, 0, 0, 1741.18, 605.287, 0, 0, 0, 1, 0]
