image_width: 1920
image_height: 1200
camera_name: rightCamera
camera_matrix:
  rows: 3
  cols: 3
  data: [1741.69, 0, 952.025, 0, 1740.81, 602.674, 0, 0, 1]
distortion_model: plumb_bob
distortion_coefficients:
  rows: 1
  cols: 5
  data: [-0.491911, 0.284904, 0.000674004, -9.90823e-05, -0.111192]
rectification_matrix:
  rows: 3
  cols: 3
  data: [0.999999, -0.000950967, -0.000543082, 0.000951037, 1, 0.000129607, 0.000542958, -0.000130124, 1]
projection_matrix:
  rows: 3
  cols: 4
  data: [1741.18, 0, 943.329, -155.781, 0, 1741.18, 605.287, 0, 0, 0, 1, 0]
